 SCL-ADCIRC-Haiyan-Typhoon-Track-  ADCIRC-V5-Mar3116         grid                    
          2        796  0.1000000E+001        1     1 FileFmtVersion:    1050624
     2.5920000000E+005         259200
         1    -9.9999000000E+004
         2    -9.9999000000E+004
         3    -9.9999000000E+004
         4    -9.9999000000E+004
         5    -9.9999000000E+004
         6    -9.9999000000E+004
         7    -9.9999000000E+004
         8    -9.9999000000E+004
         9    -9.9999000000E+004
        10    -9.9999000000E+004
        11    -9.9999000000E+004
        12    -9.9999000000E+004
        13    -9.9999000000E+004
        14    -9.9999000000E+004
        15    -9.9999000000E+004
        16    -9.9999000000E+004
        17    -9.9999000000E+004
        18    -9.9999000000E+004
        19    -9.9999000000E+004
        20    -9.9999000000E+004
        21    -9.9999000000E+004
        22    -9.9999000000E+004
        23    -9.9999000000E+004
        24    -9.9999000000E+004
        25    -9.9999000000E+004
        26    -9.9999000000E+004
        27    -9.9999000000E+004
        28    -9.9999000000E+004
        29    -9.9999000000E+004
        30    -9.9999000000E+004
        31    -9.9999000000E+004
        32    -9.9999000000E+004
        33    -9.9999000000E+004
        34    -9.9999000000E+004
        35    -9.9999000000E+004
        36    -9.9999000000E+004
        37    -9.9999000000E+004
        38    -9.9999000000E+004
        39    -9.9999000000E+004
        40    -9.9999000000E+004
        41    -9.9999000000E+004
        42    -9.9999000000E+004
        43    -9.9999000000E+004
        44    -9.9999000000E+004
        45    -9.9999000000E+004
        46    -9.9999000000E+004
        47    -9.9999000000E+004
        48    -9.9999000000E+004
        49    -9.9999000000E+004
        50    -9.9999000000E+004
        51     4.7146731435E-002
        52    -9.9999000000E+004
        53    -9.9999000000E+004
        54    -9.9999000000E+004
        55    -9.9999000000E+004
        56    -9.9999000000E+004
        57    -9.9999000000E+004
        58    -9.9999000000E+004
        59     0.0000000000E+000
        60    -9.9999000000E+004
        61    -9.9999000000E+004
        62    -9.9999000000E+004
        63     6.2831184230E-003
        64    -9.9999000000E+004
        65     5.2575651646E-002
        66     4.5180454299E-002
        67     4.7576820014E-002
        68     4.2368842355E-002
        69    -9.9999000000E+004
        70    -9.9999000000E+004
        71    -9.9999000000E+004
        72    -9.9999000000E+004
        73    -9.9999000000E+004
        74    -9.9999000000E+004
        75    -9.9999000000E+004
        76     0.0000000000E+000
        77     6.1776963813E-003
        78     1.8662606339E-002
        79     5.3700495899E-003
        80    -9.9999000000E+004
        81     5.0575799453E-002
        82     5.2567200267E-002
        83     4.2187642395E-002
        84     4.8223350181E-002
        85    -9.9999000000E+004
        86    -9.9999000000E+004
        87    -9.9999000000E+004
        88    -9.9999000000E+004
        89    -9.9999000000E+004
        90    -9.9999000000E+004
        91    -9.9999000000E+004
        92    -9.9999000000E+004
        93    -9.9999000000E+004
        94    -9.9999000000E+004
        95    -9.9999000000E+004
        96    -9.9999000000E+004
        97     0.0000000000E+000
        98     1.3473459146E-002
        99     5.0626253773E-003
       100     3.1807058829E-002
       101     4.6147549760E-002
       102     5.1518673499E-002
       103     4.3522355986E-002
       104     4.7861949748E-002
       105     4.5378280163E-002
       106    -9.9999000000E+004
       107     5.6229018100E-002
       108    -9.9999000000E+004
       109    -9.9999000000E+004
       110    -9.9999000000E+004
       111    -9.9999000000E+004
       112    -9.9999000000E+004
       113    -9.9999000000E+004
       114    -9.9999000000E+004
       115    -9.9999000000E+004
       116    -9.9999000000E+004
       117    -9.9999000000E+004
       118    -9.9999000000E+004
       119     0.0000000000E+000
       120     1.7218573371E-002
       121     3.7623138355E-002
       122     5.1445207503E-002
       123     5.2094881615E-002
       124     5.2867247455E-002
       125     8.1239620865E-002
       126    -9.9999000000E+004
       127    -9.9999000000E+004
       128    -9.9999000000E+004
       129    -9.9999000000E+004
       130    -9.9999000000E+004
       131    -9.9999000000E+004
       132    -9.9999000000E+004
       133    -9.9999000000E+004
       134    -9.9999000000E+004
       135    -9.9999000000E+004
       136    -9.9999000000E+004
       137    -9.9999000000E+004
       138    -9.9999000000E+004
       139    -9.9999000000E+004
       140     0.0000000000E+000
       141     2.2880825129E-002
       142     4.9465933180E-002
       143     5.1258738847E-002
       144     6.9962155357E-002
       145     3.4520424379E-002
       146    -9.9999000000E+004
       147    -9.9999000000E+004
       148    -9.9999000000E+004
       149    -9.9999000000E+004
       150    -9.9999000000E+004
       151    -9.9999000000E+004
       152    -9.9999000000E+004
       153    -9.9999000000E+004
       154    -9.9999000000E+004
       155    -9.9999000000E+004
       156    -9.9999000000E+004
       157    -9.9999000000E+004
       158    -9.9999000000E+004
       159    -9.9999000000E+004
       160    -9.9999000000E+004
       161    -9.9999000000E+004
       162    -9.9999000000E+004
       163    -9.9999000000E+004
       164     0.0000000000E+000
       165     3.3809872706E-002
       166     5.0147922813E-002
       167     5.8346084885E-002
       168     6.3565598177E-002
       169     1.3149853620E-001
       170    -9.9999000000E+004
       171    -9.9999000000E+004
       172    -9.9999000000E+004
       173    -9.9999000000E+004
       174    -9.9999000000E+004
       175    -9.9999000000E+004
       176    -9.9999000000E+004
       177    -9.9999000000E+004
       178    -9.9999000000E+004
       179    -9.9999000000E+004
       180    -9.9999000000E+004
       181    -9.9999000000E+004
       182    -9.9999000000E+004
       183    -9.9999000000E+004
       184    -9.9999000000E+004
       185    -9.9999000000E+004
       186    -9.9999000000E+004
       187     0.0000000000E+000
       188     3.5200238165E-002
       189     5.2284359539E-002
       190     7.9544107423E-002
       191     1.1874081769E-001
       192     1.6078363663E-001
       193    -9.9999000000E+004
       194     4.9542743503E-001
       195    -9.9999000000E+004
       196    -9.9999000000E+004
       197    -9.9999000000E+004
       198    -9.9999000000E+004
       199    -9.9999000000E+004
       200    -9.9999000000E+004
       201    -9.9999000000E+004
       202    -9.9999000000E+004
       203    -9.9999000000E+004
       204    -9.9999000000E+004
       205    -9.9999000000E+004
       206    -9.9999000000E+004
       207    -9.9999000000E+004
       208    -9.9999000000E+004
       209    -9.9999000000E+004
       210     0.0000000000E+000
       211     5.0719514797E-002
       212     7.4880158372E-002
       213     1.2784908717E-001
       214     1.9036404607E-001
       215     2.4591673739E-001
       216    -9.9999000000E+004
       217     2.9202969109E-001
       218    -9.9999000000E+004
       219    -9.9999000000E+004
       220    -9.9999000000E+004
       221    -9.9999000000E+004
       222    -9.9999000000E+004
       223    -9.9999000000E+004
       224    -9.9999000000E+004
       225    -9.9999000000E+004
       226    -9.9999000000E+004
       227    -9.9999000000E+004
       228    -9.9999000000E+004
       229    -9.9999000000E+004
       230    -9.9999000000E+004
       231    -9.9999000000E+004
       232    -9.9999000000E+004
       233    -9.9999000000E+004
       234     0.0000000000E+000
       235     5.5543618317E-002
       236     1.0995071980E-001
       237     1.9074385635E-001
       238     3.0364142837E-001
       239     5.2766123706E-001
       240     3.1204026161E-001
       241    -9.9999000000E+004
       242    -9.9999000000E+004
       243    -9.9999000000E+004
       244    -9.9999000000E+004
       245    -9.9999000000E+004
       246    -9.9999000000E+004
       247    -9.9999000000E+004
       248    -9.9999000000E+004
       249    -9.9999000000E+004
       250    -9.9999000000E+004
       251    -9.9999000000E+004
       252    -9.9999000000E+004
       253     9.6951057041E-001
       254    -9.9999000000E+004
       255    -9.9999000000E+004
       256    -9.9999000000E+004
       257     2.7152351350E+000
       258     0.0000000000E+000
       259     8.6434034199E-002
       260     1.7562578247E-001
       261     4.6873150227E-001
       262     8.0713807093E-001
       263     6.8094869252E-001
       264    -9.9999000000E+004
       265    -9.9999000000E+004
       266    -9.9999000000E+004
       267    -9.9999000000E+004
       268    -9.9999000000E+004
       269    -9.9999000000E+004
       270    -9.9999000000E+004
       271    -9.9999000000E+004
       272    -9.9999000000E+004
       273    -9.9999000000E+004
       274     2.2066067458E+000
       275     1.9402435066E+000
       276     2.6171214306E+000
       277     2.7220289991E+000
       278    -9.9999000000E+004
       279    -9.9999000000E+004
       280    -9.9999000000E+004
       281    -9.9999000000E+004
       282     2.8662339720E+000
       283     0.0000000000E+000
       284     3.6146203992E-001
       285     6.0983614178E-001
       286     1.1367835640E+000
       287     1.6027843577E+000
       288    -9.9999000000E+004
       289    -9.9999000000E+004
       290    -9.9999000000E+004
       291    -9.9999000000E+004
       292    -9.9999000000E+004
       293    -9.9999000000E+004
       294    -9.9999000000E+004
       295    -9.9999000000E+004
       296    -9.9999000000E+004
       297    -9.9999000000E+004
       298    -9.9999000000E+004
       299    -9.9999000000E+004
       300     2.6694231262E+000
       301     2.3317022503E+000
       302     2.8607971545E+000
       303     3.2335992973E+000
       304     3.1635225825E+000
       305    -9.9999000000E+004
       306    -9.9999000000E+004
       307    -9.9999000000E+004
       308    -9.9999000000E+004
       309     0.0000000000E+000
       310     5.3413528126E-001
       311     1.1578881726E+000
       312     1.6974769664E+000
       313     2.4284539678E+000
       314    -9.9999000000E+004
       315    -9.9999000000E+004
       316    -9.9999000000E+004
       317    -9.9999000000E+004
       318    -9.9999000000E+004
       319    -9.9999000000E+004
       320    -9.9999000000E+004
       321    -9.9999000000E+004
       322    -9.9999000000E+004
       323    -9.9999000000E+004
       324     2.9144264867E+000
       325     2.7776186142E+000
       326     2.9918783934E+000
       327     3.4413143207E+000
       328    -9.9999000000E+004
       329    -9.9999000000E+004
       330    -9.9999000000E+004
       331    -9.9999000000E+004
       332    -9.9999000000E+004
       333    -9.9999000000E+004
       334    -9.9999000000E+004
       335     0.0000000000E+000
       336     1.1625206545E+000
       337     2.9288923045E+000
       338     2.2275267493E+000
       339     2.2887197746E+000
       340    -9.9999000000E+004
       341    -9.9999000000E+004
       342    -9.9999000000E+004
       343    -9.9999000000E+004
       344    -9.9999000000E+004
       345    -9.9999000000E+004
       346    -9.9999000000E+004
       347    -9.9999000000E+004
       348     3.3634424057E+000
       349     3.1122593179E+000
       350     3.3531664651E+000
       351     3.5217862771E+000
       352     3.5951308049E+000
       353    -9.9999000000E+004
       354    -9.9999000000E+004
       355    -9.9999000000E+004
       356    -9.9999000000E+004
       357    -9.9999000000E+004
       358    -9.9999000000E+004
       359    -9.9999000000E+004
       360    -9.9999000000E+004
       361     0.0000000000E+000
       362     1.1367971630E+000
       363     3.8765795588E+000
       364     3.0522776635E+000
       365     3.2515810671E+000
       366    -9.9999000000E+004
       367    -9.9999000000E+004
       368    -9.9999000000E+004
       369    -9.9999000000E+004
       370    -9.9999000000E+004
       371    -9.9999000000E+004
       372     3.3882325439E+000
       373     3.5507495615E+000
       374     4.1796829967E+000
       375     2.8678775274E+000
       376    -9.9999000000E+004
       377    -9.9999000000E+004
       378    -9.9999000000E+004
       379    -9.9999000000E+004
       380    -9.9999000000E+004
       381    -9.9999000000E+004
       382    -9.9999000000E+004
       383    -9.9999000000E+004
       384    -9.9999000000E+004
       385    -9.9999000000E+004
       386     0.0000000000E+000
       387     1.3970611450E+000
       388     4.0633782980E+000
       389     3.2473008174E+000
       390     4.3690465902E+000
       391    -9.9999000000E+004
       392    -9.9999000000E+004
       393    -9.9999000000E+004
       394    -9.9999000000E+004
       395    -9.9999000000E+004
       396     3.9544083508E+000
       397     4.0211771625E+000
       398    -9.9999000000E+004
       399     4.1357274359E+000
       400    -9.9999000000E+004
       401    -9.9999000000E+004
       402    -9.9999000000E+004
       403    -9.9999000000E+004
       404    -9.9999000000E+004
       405    -9.9999000000E+004
       406    -9.9999000000E+004
       407    -9.9999000000E+004
       408    -9.9999000000E+004
       409     5.5851738188E-001
       410     1.1428560814E+000
       411     4.4042042033E+000
       412     4.2445483510E+000
       413     3.5910655053E+000
       414    -9.9999000000E+004
       415    -9.9999000000E+004
       416    -9.9999000000E+004
       417    -9.9999000000E+004
       418    -9.9999000000E+004
       419    -9.9999000000E+004
       420    -9.9999000000E+004
       421     4.2634802443E+000
       422     4.3087382237E+000
       423     4.0598476985E+000
       424     4.4188566076E+000
       425    -9.9999000000E+004
       426    -9.9999000000E+004
       427     4.4265915970E+000
       428    -9.9999000000E+004
       429    -9.9999000000E+004
       430    -9.9999000000E+004
       431    -9.9999000000E+004
       432    -9.9999000000E+004
       433    -9.9999000000E+004
       434    -9.9999000000E+004
       435    -9.9999000000E+004
       436     5.5866898828E-001
       437     2.0157343804E+000
       438     4.5019022924E+000
       439     3.8345342913E+000
       440     3.7894038157E+000
       441    -9.9999000000E+004
       442    -9.9999000000E+004
       443    -9.9999000000E+004
       444    -9.9999000000E+004
       445    -9.9999000000E+004
       446    -9.9999000000E+004
       447    -9.9999000000E+004
       448     4.0264985891E+000
       449     4.2688076018E+000
       450     4.4179583135E+000
       451     4.3662317982E+000
       452     4.3351292883E+000
       453    -9.9999000000E+004
       454     4.3108263636E+000
       455    -9.9999000000E+004
       456    -9.9999000000E+004
       457    -9.9999000000E+004
       458    -9.9999000000E+004
       459    -9.9999000000E+004
       460    -9.9999000000E+004
       461     5.5887933764E-001
       462     2.3531805255E+000
       463     3.5669528373E+000
       464     4.3711417972E+000
       465     3.8672837208E+000
       466     4.2831610773E+000
       467    -9.9999000000E+004
       468    -9.9999000000E+004
       469    -9.9999000000E+004
       470    -9.9999000000E+004
       471    -9.9999000000E+004
       472    -9.9999000000E+004
       473     4.3367198787E+000
       474     4.3356542512E+000
       475     4.3286948412E+000
       476     4.4117619152E+000
       477    -9.9999000000E+004
       478    -9.9999000000E+004
       479    -9.9999000000E+004
       480    -9.9999000000E+004
       481    -9.9999000000E+004
       482    -9.9999000000E+004
       483    -9.9999000000E+004
       484    -9.9999000000E+004
       485    -9.9999000000E+004
       486     5.5901778738E-001
       487     2.1740186688E+000
       488     2.8722877534E+000
       489     3.7919486222E+000
       490     4.2333271963E+000
       491     4.2873938906E+000
       492     4.3002177489E+000
       493     4.0001635732E+000
       494    -9.9999000000E+004
       495    -9.9999000000E+004
       496    -9.9999000000E+004
       497    -9.9999000000E+004
       498    -9.9999000000E+004
       499    -9.9999000000E+004
       500     4.2559001297E+000
       501     4.4285636991E+000
       502     4.3830819897E+000
       503     4.3844329537E+000
       504    -9.9999000000E+004
       505    -9.9999000000E+004
       506    -9.9999000000E+004
       507    -9.9999000000E+004
       508    -9.9999000000E+004
       509    -9.9999000000E+004
       510    -9.9999000000E+004
       511     5.5896260900E-001
       512     2.4027503557E+000
       513     1.8908540206E+000
       514     2.6936081461E+000
       515     3.7512788393E+000
       516     4.1785403134E+000
       517     4.2814834981E+000
       518     4.0311023885E+000
       519    -9.9999000000E+004
       520    -9.9999000000E+004
       521    -9.9999000000E+004
       522    -9.9999000000E+004
       523    -9.9999000000E+004
       524     4.3682301697E+000
       525     4.3330863067E+000
       526     4.4261293823E+000
       527    -9.9999000000E+004
       528    -9.9999000000E+004
       529    -9.9999000000E+004
       530    -9.9999000000E+004
       531    -9.9999000000E+004
       532    -9.9999000000E+004
       533     2.2882411386E+000
       534     5.5889101194E-001
       535     1.7910769128E+000
       536     1.1416681364E+000
       537     2.2929425736E+000
       538     7.6367738935E-001
       539     4.2889925108E+000
       540     4.4402927408E+000
       541     4.2039697258E+000
       542     4.2554994030E+000
       543    -9.9999000000E+004
       544    -9.9999000000E+004
       545    -9.9999000000E+004
       546    -9.9999000000E+004
       547    -9.9999000000E+004
       548     4.3666999829E+000
       549     4.2735624439E+000
       550    -9.9999000000E+004
       551    -9.9999000000E+004
       552    -9.9999000000E+004
       553    -9.9999000000E+004
       554    -9.9999000000E+004
       555     1.6465969738E+000
       556     5.5883990055E-001
       557     9.3066774951E-001
       558     1.1424155084E+000
       559     9.9749173961E-001
       560     3.1009976209E+000
       561     6.4944164996E-001
       562     4.3616784686E+000
       563     4.3656045441E+000
       564     4.3417616164E+000
       565     4.3750223500E+000
       566    -9.9999000000E+004
       567    -9.9999000000E+004
       568    -9.9999000000E+004
       569    -9.9999000000E+004
       570    -9.9999000000E+004
       571    -9.9999000000E+004
       572    -9.9999000000E+004
       573    -9.9999000000E+004
       574    -9.9999000000E+004
       575    -9.9999000000E+004
       576    -9.9999000000E+004
       577     5.5859499906E-001
       578     6.7866067568E-001
       579     6.1304708417E-001
       580     7.3911498164E-001
       581     1.0993953682E+000
       582     7.4157123553E-001
       583    -9.9999000000E+004
       584     9.0855242272E-001
       585    -9.9999000000E+004
       586    -9.9999000000E+004
       587     4.5197037417E+000
       588     4.3946658773E+000
       589    -9.9999000000E+004
       590    -9.9999000000E+004
       591    -9.9999000000E+004
       592    -9.9999000000E+004
       593    -9.9999000000E+004
       594    -9.9999000000E+004
       595    -9.9999000000E+004
       596    -9.9999000000E+004
       597    -9.9999000000E+004
       598    -9.9999000000E+004
       599    -9.9999000000E+004
       600     5.5861352675E-001
       601     7.6325401563E-001
       602     7.8262118574E-001
       603     8.6284243470E-001
       604     5.5854942177E-001
       605     6.7395277672E-001
       606     8.0114442224E-001
       607     8.5890134518E-001
       608    -9.9999000000E+004
       609    -9.9999000000E+004
       610    -9.9999000000E+004
       611    -9.9999000000E+004
       612    -9.9999000000E+004
       613    -9.9999000000E+004
       614    -9.9999000000E+004
       615    -9.9999000000E+004
       616    -9.9999000000E+004
       617    -9.9999000000E+004
       618    -9.9999000000E+004
       619    -9.9999000000E+004
       620    -9.9999000000E+004
       621    -9.9999000000E+004
       622    -9.9999000000E+004
       623    -9.9999000000E+004
       624     6.5233995663E-001
       625     8.1444544035E-001
       626     8.0214921217E-001
       627     7.9844394968E-001
       628     5.5841936041E-001
       629     7.5526983809E-001
       630    -9.9999000000E+004
       631     8.1574498328E-001
       632     7.7842970643E-001
       633    -9.9999000000E+004
       634    -9.9999000000E+004
       635    -9.9999000000E+004
       636    -9.9999000000E+004
       637    -9.9999000000E+004
       638    -9.9999000000E+004
       639    -9.9999000000E+004
       640    -9.9999000000E+004
       641    -9.9999000000E+004
       642    -9.9999000000E+004
       643    -9.9999000000E+004
       644    -9.9999000000E+004
       645    -9.9999000000E+004
       646    -9.9999000000E+004
       647    -9.9999000000E+004
       648    -9.9999000000E+004
       649     8.2282071870E-001
       650     8.2132408954E-001
       651     8.3931904251E-001
       652     5.5833706775E-001
       653     8.2566901400E-001
       654     8.5825948096E-001
       655    -9.9999000000E+004
       656     5.5826963925E-001
       657    -9.9999000000E+004
       658    -9.9999000000E+004
       659    -9.9999000000E+004
       660    -9.9999000000E+004
       661     8.1041310919E-001
       662     8.3946390687E-001
       663    -9.9999000000E+004
       664     8.0759162675E-001
       665    -9.9999000000E+004
       666    -9.9999000000E+004
       667    -9.9999000000E+004
       668    -9.9999000000E+004
       669    -9.9999000000E+004
       670    -9.9999000000E+004
       671    -9.9999000000E+004
       672    -9.9999000000E+004
       673    -9.9999000000E+004
       674    -9.9999000000E+004
       675    -9.9999000000E+004
       676    -9.9999000000E+004
       677    -9.9999000000E+004
       678     8.1563280605E-001
       679     8.3766972765E-001
       680     8.4071960511E-001
       681     8.1667358295E-001
       682     9.3813793348E-001
       683     9.1799722597E-001
       684    -9.9999000000E+004
       685     8.9700192322E-001
       686     8.7402821229E-001
       687    -9.9999000000E+004
       688    -9.9999000000E+004
       689    -9.9999000000E+004
       690    -9.9999000000E+004
       691     8.5818887465E-001
       692     8.5500225388E-001
       693    -9.9999000000E+004
       694     8.7211276074E-001
       695    -9.9999000000E+004
       696    -9.9999000000E+004
       697    -9.9999000000E+004
       698    -9.9999000000E+004
       699    -9.9999000000E+004
       700    -9.9999000000E+004
       701    -9.9999000000E+004
       702    -9.9999000000E+004
       703    -9.9999000000E+004
       704    -9.9999000000E+004
       705    -9.9999000000E+004
       706    -9.9999000000E+004
       707     8.3710538146E-001
       708     8.4219663778E-001
       709     8.4789413797E-001
       710    -9.9999000000E+004
       711     9.3314099315E-001
       712     9.4812127172E-001
       713    -9.9999000000E+004
       714    -9.9999000000E+004
       715    -9.9999000000E+004
       716    -9.9999000000E+004
       717    -9.9999000000E+004
       718     8.7124547106E-001
       719     8.6517304533E-001
       720    -9.9999000000E+004
       721     9.0491160483E-001
       722    -9.9999000000E+004
       723    -9.9999000000E+004
       724    -9.9999000000E+004
       725    -9.9999000000E+004
       726    -9.9999000000E+004
       727    -9.9999000000E+004
       728    -9.9999000000E+004
       729    -9.9999000000E+004
       730    -9.9999000000E+004
       731    -9.9999000000E+004
       732    -9.9999000000E+004
       733    -9.9999000000E+004
       734    -9.9999000000E+004
       735    -9.9999000000E+004
       736    -9.9999000000E+004
       737    -9.9999000000E+004
       738    -9.9999000000E+004
       739    -9.9999000000E+004
       740    -9.9999000000E+004
       741    -9.9999000000E+004
       742    -9.9999000000E+004
       743    -9.9999000000E+004
       744    -9.9999000000E+004
       745    -9.9999000000E+004
       746    -9.9999000000E+004
       747    -9.9999000000E+004
       748    -9.9999000000E+004
       749    -9.9999000000E+004
       750    -9.9999000000E+004
       751    -9.9999000000E+004
       752    -9.9999000000E+004
       753    -9.9999000000E+004
       754    -9.9999000000E+004
       755    -9.9999000000E+004
       756    -9.9999000000E+004
       757    -9.9999000000E+004
       758    -9.9999000000E+004
       759    -9.9999000000E+004
       760    -9.9999000000E+004
       761    -9.9999000000E+004
       762    -9.9999000000E+004
       763    -9.9999000000E+004
       764    -9.9999000000E+004
       765    -9.9999000000E+004
       766    -9.9999000000E+004
       767    -9.9999000000E+004
       768    -9.9999000000E+004
       769    -9.9999000000E+004
       770    -9.9999000000E+004
       771    -9.9999000000E+004
       772    -9.9999000000E+004
       773    -9.9999000000E+004
       774    -9.9999000000E+004
       775    -9.9999000000E+004
       776    -9.9999000000E+004
       777    -9.9999000000E+004
       778    -9.9999000000E+004
       779    -9.9999000000E+004
       780    -9.9999000000E+004
       781    -9.9999000000E+004
       782    -9.9999000000E+004
       783    -9.9999000000E+004
       784    -9.9999000000E+004
       785    -9.9999000000E+004
       786    -9.9999000000E+004
       787    -9.9999000000E+004
       788    -9.9999000000E+004
       789    -9.9999000000E+004
       790    -9.9999000000E+004
       791    -9.9999000000E+004
       792    -9.9999000000E+004
       793    -9.9999000000E+004
       794    -9.9999000000E+004
       795    -9.9999000000E+004
       796    -9.9999000000E+004
     2.5920000000E+005         259200
         1    -9.9999000000E+004
         2    -9.9999000000E+004
         3    -9.9999000000E+004
         4    -9.9999000000E+004
         5    -9.9999000000E+004
         6    -9.9999000000E+004
         7    -9.9999000000E+004
         8    -9.9999000000E+004
         9    -9.9999000000E+004
        10    -9.9999000000E+004
        11    -9.9999000000E+004
        12    -9.9999000000E+004
        13    -9.9999000000E+004
        14    -9.9999000000E+004
        15    -9.9999000000E+004
        16    -9.9999000000E+004
        17    -9.9999000000E+004
        18    -9.9999000000E+004
        19    -9.9999000000E+004
        20    -9.9999000000E+004
        21    -9.9999000000E+004
        22    -9.9999000000E+004
        23    -9.9999000000E+004
        24    -9.9999000000E+004
        25    -9.9999000000E+004
        26    -9.9999000000E+004
        27    -9.9999000000E+004
        28    -9.9999000000E+004
        29    -9.9999000000E+004
        30    -9.9999000000E+004
        31    -9.9999000000E+004
        32    -9.9999000000E+004
        33    -9.9999000000E+004
        34    -9.9999000000E+004
        35    -9.9999000000E+004
        36    -9.9999000000E+004
        37    -9.9999000000E+004
        38    -9.9999000000E+004
        39    -9.9999000000E+004
        40    -9.9999000000E+004
        41    -9.9999000000E+004
        42    -9.9999000000E+004
        43    -9.9999000000E+004
        44    -9.9999000000E+004
        45    -9.9999000000E+004
        46    -9.9999000000E+004
        47    -9.9999000000E+004
        48    -9.9999000000E+004
        49    -9.9999000000E+004
        50    -9.9999000000E+004
        51     1.4254900000E+005
        52    -9.9999000000E+004
        53    -9.9999000000E+004
        54    -9.9999000000E+004
        55    -9.9999000000E+004
        56    -9.9999000000E+004
        57    -9.9999000000E+004
        58    -9.9999000000E+004
        59     1.0000000000E+000
        60    -9.9999000000E+004
        61    -9.9999000000E+004
        62    -9.9999000000E+004
        63     1.9709000000E+005
        64    -9.9999000000E+004
        65     1.3618800000E+005
        66     1.4255200000E+005
        67     1.4255300000E+005
        68     1.4256000000E+005
        69    -9.9999000000E+004
        70    -9.9999000000E+004
        71    -9.9999000000E+004
        72    -9.9999000000E+004
        73    -9.9999000000E+004
        74    -9.9999000000E+004
        75    -9.9999000000E+004
        76     1.0000000000E+000
        77     2.0119600000E+005
        78     1.2135300000E+005
        79     2.0119200000E+005
        80    -9.9999000000E+004
        81     1.3620700000E+005
        82     1.3619200000E+005
        83     1.4201700000E+005
        84     1.3621600000E+005
        85    -9.9999000000E+004
        86    -9.9999000000E+004
        87    -9.9999000000E+004
        88    -9.9999000000E+004
        89    -9.9999000000E+004
        90    -9.9999000000E+004
        91    -9.9999000000E+004
        92    -9.9999000000E+004
        93    -9.9999000000E+004
        94    -9.9999000000E+004
        95    -9.9999000000E+004
        96    -9.9999000000E+004
        97     1.0000000000E+000
        98     1.2133400000E+005
        99     1.2177900000E+005
       100     1.2260500000E+005
       101     1.3621200000E+005
       102     1.3619200000E+005
       103     1.3620000000E+005
       104     1.3620200000E+005
       105     1.3517700000E+005
       106    -9.9999000000E+004
       107     1.2092600000E+005
       108    -9.9999000000E+004
       109    -9.9999000000E+004
       110    -9.9999000000E+004
       111    -9.9999000000E+004
       112    -9.9999000000E+004
       113    -9.9999000000E+004
       114    -9.9999000000E+004
       115    -9.9999000000E+004
       116    -9.9999000000E+004
       117    -9.9999000000E+004
       118    -9.9999000000E+004
       119     1.0000000000E+000
       120     1.2237700000E+005
       121     1.3618100000E+005
       122     1.3567500000E+005
       123     1.3574700000E+005
       124     1.3566800000E+005
       125     1.3958900000E+005
       126    -9.9999000000E+004
       127    -9.9999000000E+004
       128    -9.9999000000E+004
       129    -9.9999000000E+004
       130    -9.9999000000E+004
       131    -9.9999000000E+004
       132    -9.9999000000E+004
       133    -9.9999000000E+004
       134    -9.9999000000E+004
       135    -9.9999000000E+004
       136    -9.9999000000E+004
       137    -9.9999000000E+004
       138    -9.9999000000E+004
       139    -9.9999000000E+004
       140     1.0000000000E+000
       141     1.3612600000E+005
       142     1.2222600000E+005
       143     1.3566900000E+005
       144     1.2119800000E+005
       145     1.3640000000E+005
       146    -9.9999000000E+004
       147    -9.9999000000E+004
       148    -9.9999000000E+004
       149    -9.9999000000E+004
       150    -9.9999000000E+004
       151    -9.9999000000E+004
       152    -9.9999000000E+004
       153    -9.9999000000E+004
       154    -9.9999000000E+004
       155    -9.9999000000E+004
       156    -9.9999000000E+004
       157    -9.9999000000E+004
       158    -9.9999000000E+004
       159    -9.9999000000E+004
       160    -9.9999000000E+004
       161    -9.9999000000E+004
       162    -9.9999000000E+004
       163    -9.9999000000E+004
       164     1.0000000000E+000
       165     1.3577200000E+005
       166     1.3563600000E+005
       167     1.3523400000E+005
       168     1.3861400000E+005
       169     1.3947900000E+005
       170    -9.9999000000E+004
       171    -9.9999000000E+004
       172    -9.9999000000E+004
       173    -9.9999000000E+004
       174    -9.9999000000E+004
       175    -9.9999000000E+004
       176    -9.9999000000E+004
       177    -9.9999000000E+004
       178    -9.9999000000E+004
       179    -9.9999000000E+004
       180    -9.9999000000E+004
       181    -9.9999000000E+004
       182    -9.9999000000E+004
       183    -9.9999000000E+004
       184    -9.9999000000E+004
       185    -9.9999000000E+004
       186    -9.9999000000E+004
       187     1.0000000000E+000
       188     1.3555700000E+005
       189     1.3527400000E+005
       190     1.3937100000E+005
       191     1.3942500000E+005
       192     1.4229000000E+005
       193    -9.9999000000E+004
       194     1.9118700000E+005
       195    -9.9999000000E+004
       196    -9.9999000000E+004
       197    -9.9999000000E+004
       198    -9.9999000000E+004
       199    -9.9999000000E+004
       200    -9.9999000000E+004
       201    -9.9999000000E+004
       202    -9.9999000000E+004
       203    -9.9999000000E+004
       204    -9.9999000000E+004
       205    -9.9999000000E+004
       206    -9.9999000000E+004
       207    -9.9999000000E+004
       208    -9.9999000000E+004
       209    -9.9999000000E+004
       210     1.0000000000E+000
       211     1.3505000000E+005
       212     1.3955700000E+005
       213     1.4237700000E+005
       214     1.4267400000E+005
       215     1.4298600000E+005
       216    -9.9999000000E+004
       217     1.2296800000E+005
       218    -9.9999000000E+004
       219    -9.9999000000E+004
       220    -9.9999000000E+004
       221    -9.9999000000E+004
       222    -9.9999000000E+004
       223    -9.9999000000E+004
       224    -9.9999000000E+004
       225    -9.9999000000E+004
       226    -9.9999000000E+004
       227    -9.9999000000E+004
       228    -9.9999000000E+004
       229    -9.9999000000E+004
       230    -9.9999000000E+004
       231    -9.9999000000E+004
       232    -9.9999000000E+004
       233    -9.9999000000E+004
       234     1.0000000000E+000
       235     1.3454300000E+005
       236     1.4237400000E+005
       237     1.9111900000E+005
       238     1.9109700000E+005
       239     1.9114300000E+005
       240     1.2298000000E+005
       241    -9.9999000000E+004
       242    -9.9999000000E+004
       243    -9.9999000000E+004
       244    -9.9999000000E+004
       245    -9.9999000000E+004
       246    -9.9999000000E+004
       247    -9.9999000000E+004
       248    -9.9999000000E+004
       249    -9.9999000000E+004
       250    -9.9999000000E+004
       251    -9.9999000000E+004
       252    -9.9999000000E+004
       253     1.9116600000E+005
       254    -9.9999000000E+004
       255    -9.9999000000E+004
       256    -9.9999000000E+004
       257     1.9139900000E+005
       258     1.0000000000E+000
       259     1.4232800000E+005
       260     1.4283700000E+005
       261     1.9106000000E+005
       262     1.9110000000E+005
       263     1.9118900000E+005
       264    -9.9999000000E+004
       265    -9.9999000000E+004
       266    -9.9999000000E+004
       267    -9.9999000000E+004
       268    -9.9999000000E+004
       269    -9.9999000000E+004
       270    -9.9999000000E+004
       271    -9.9999000000E+004
       272    -9.9999000000E+004
       273    -9.9999000000E+004
       274     1.9126600000E+005
       275     1.9127900000E+005
       276     1.9122600000E+005
       277     1.9122400000E+005
       278    -9.9999000000E+004
       279    -9.9999000000E+004
       280    -9.9999000000E+004
       281    -9.9999000000E+004
       282     9.9787000000E+004
       283     1.0000000000E+000
       284     1.9131900000E+005
       285     1.9106600000E+005
       286     1.9132600000E+005
       287     1.9130300000E+005
       288    -9.9999000000E+004
       289    -9.9999000000E+004
       290    -9.9999000000E+004
       291    -9.9999000000E+004
       292    -9.9999000000E+004
       293    -9.9999000000E+004
       294    -9.9999000000E+004
       295    -9.9999000000E+004
       296    -9.9999000000E+004
       297    -9.9999000000E+004
       298    -9.9999000000E+004
       299    -9.9999000000E+004
       300     1.9115900000E+005
       301     1.8857100000E+005
       302     1.8890400000E+005
       303     9.9733000000E+004
       304     9.9759000000E+004
       305    -9.9999000000E+004
       306    -9.9999000000E+004
       307    -9.9999000000E+004
       308    -9.9999000000E+004
       309     1.0000000000E+000
       310     1.9130200000E+005
       311     1.9128400000E+005
       312     1.9133000000E+005
       313     1.9132700000E+005
       314    -9.9999000000E+004
       315    -9.9999000000E+004
       316    -9.9999000000E+004
       317    -9.9999000000E+004
       318    -9.9999000000E+004
       319    -9.9999000000E+004
       320    -9.9999000000E+004
       321    -9.9999000000E+004
       322    -9.9999000000E+004
       323    -9.9999000000E+004
       324     1.8854500000E+005
       325     1.8855600000E+005
       326     1.8846100000E+005
       327     9.9756000000E+004
       328    -9.9999000000E+004
       329    -9.9999000000E+004
       330    -9.9999000000E+004
       331    -9.9999000000E+004
       332    -9.9999000000E+004
       333    -9.9999000000E+004
       334    -9.9999000000E+004
       335     1.0000000000E+000
       336     1.9128000000E+005
       337     1.9133600000E+005
       338     1.9128800000E+005
       339     1.9128500000E+005
       340    -9.9999000000E+004
       341    -9.9999000000E+004
       342    -9.9999000000E+004
       343    -9.9999000000E+004
       344    -9.9999000000E+004
       345    -9.9999000000E+004
       346    -9.9999000000E+004
       347    -9.9999000000E+004
       348     1.8853200000E+005
       349     1.8854900000E+005
       350     1.8851200000E+005
       351     9.9729000000E+004
       352     9.9766000000E+004
       353    -9.9999000000E+004
       354    -9.9999000000E+004
       355    -9.9999000000E+004
       356    -9.9999000000E+004
       357    -9.9999000000E+004
       358    -9.9999000000E+004
       359    -9.9999000000E+004
       360    -9.9999000000E+004
       361     1.0000000000E+000
       362     1.8873800000E+005
       363     1.9131600000E+005
       364     1.9129600000E+005
       365     1.9125100000E+005
       366    -9.9999000000E+004
       367    -9.9999000000E+004
       368    -9.9999000000E+004
       369    -9.9999000000E+004
       370    -9.9999000000E+004
       371    -9.9999000000E+004
       372     1.8852400000E+005
       373     1.8864000000E+005
       374     9.9821000000E+004
       375     1.8848700000E+005
       376    -9.9999000000E+004
       377    -9.9999000000E+004
       378    -9.9999000000E+004
       379    -9.9999000000E+004
       380    -9.9999000000E+004
       381    -9.9999000000E+004
       382    -9.9999000000E+004
       383    -9.9999000000E+004
       384    -9.9999000000E+004
       385    -9.9999000000E+004
       386     1.0000000000E+000
       387     1.9134200000E+005
       388     1.9138000000E+005
       389     1.8867900000E+005
       390     1.9133000000E+005
       391    -9.9999000000E+004
       392    -9.9999000000E+004
       393    -9.9999000000E+004
       394    -9.9999000000E+004
       395    -9.9999000000E+004
       396     1.8861700000E+005
       397     1.9140400000E+005
       398    -9.9999000000E+004
       399     1.9141600000E+005
       400    -9.9999000000E+004
       401    -9.9999000000E+004
       402    -9.9999000000E+004
       403    -9.9999000000E+004
       404    -9.9999000000E+004
       405    -9.9999000000E+004
       406    -9.9999000000E+004
       407    -9.9999000000E+004
       408    -9.9999000000E+004
       409     1.8719600000E+005
       410     1.8855600000E+005
       411     1.9136700000E+005
       412     1.9140900000E+005
       413     1.8873700000E+005
       414    -9.9999000000E+004
       415    -9.9999000000E+004
       416    -9.9999000000E+004
       417    -9.9999000000E+004
       418    -9.9999000000E+004
       419    -9.9999000000E+004
       420    -9.9999000000E+004
       421     1.9141700000E+005
       422     1.8910900000E+005
       423     1.9135300000E+005
       424     1.8866000000E+005
       425    -9.9999000000E+004
       426    -9.9999000000E+004
       427     1.9141500000E+005
       428    -9.9999000000E+004
       429    -9.9999000000E+004
       430    -9.9999000000E+004
       431    -9.9999000000E+004
       432    -9.9999000000E+004
       433    -9.9999000000E+004
       434    -9.9999000000E+004
       435    -9.9999000000E+004
       436     1.8719800000E+005
       437     1.8868700000E+005
       438     1.9135600000E+005
       439     1.9144600000E+005
       440     1.9137900000E+005
       441    -9.9999000000E+004
       442    -9.9999000000E+004
       443    -9.9999000000E+004
       444    -9.9999000000E+004
       445    -9.9999000000E+004
       446    -9.9999000000E+004
       447    -9.9999000000E+004
       448     1.8907100000E+005
       449     1.9140000000E+005
       450     1.9136500000E+005
       451     1.9140400000E+005
       452     1.9141600000E+005
       453    -9.9999000000E+004
       454     1.9141100000E+005
       455    -9.9999000000E+004
       456    -9.9999000000E+004
       457    -9.9999000000E+004
       458    -9.9999000000E+004
       459    -9.9999000000E+004
       460    -9.9999000000E+004
       461     1.8719900000E+005
       462     1.8888400000E+005
       463     1.9149300000E+005
       464     1.9133900000E+005
       465     1.9148400000E+005
       466     1.9133700000E+005
       467    -9.9999000000E+004
       468    -9.9999000000E+004
       469    -9.9999000000E+004
       470    -9.9999000000E+004
       471    -9.9999000000E+004
       472    -9.9999000000E+004
       473     1.9137600000E+005
       474     1.9138600000E+005
       475     1.9138500000E+005
       476     1.9140600000E+005
       477    -9.9999000000E+004
       478    -9.9999000000E+004
       479    -9.9999000000E+004
       480    -9.9999000000E+004
       481    -9.9999000000E+004
       482    -9.9999000000E+004
       483    -9.9999000000E+004
       484    -9.9999000000E+004
       485    -9.9999000000E+004
       486     1.8720100000E+005
       487     1.9149900000E+005
       488     1.9147600000E+005
       489     1.9146700000E+005
       490     1.9133200000E+005
       491     1.9145800000E+005
       492     1.9131800000E+005
       493     1.9132000000E+005
       494    -9.9999000000E+004
       495    -9.9999000000E+004
       496    -9.9999000000E+004
       497    -9.9999000000E+004
       498    -9.9999000000E+004
       499    -9.9999000000E+004
       500     1.9137800000E+005
       501     1.9137900000E+005
       502     1.9135600000E+005
       503     1.9134100000E+005
       504    -9.9999000000E+004
       505    -9.9999000000E+004
       506    -9.9999000000E+004
       507    -9.9999000000E+004
       508    -9.9999000000E+004
       509    -9.9999000000E+004
       510    -9.9999000000E+004
       511     1.8720000000E+005
       512     1.9145900000E+005
       513     1.9148200000E+005
       514     1.9145200000E+005
       515     1.9144100000E+005
       516     1.9136600000E+005
       517     1.9128500000E+005
       518     1.9130800000E+005
       519    -9.9999000000E+004
       520    -9.9999000000E+004
       521    -9.9999000000E+004
       522    -9.9999000000E+004
       523    -9.9999000000E+004
       524     1.9137000000E+005
       525     1.9136400000E+005
       526     1.9134400000E+005
       527    -9.9999000000E+004
       528    -9.9999000000E+004
       529    -9.9999000000E+004
       530    -9.9999000000E+004
       531    -9.9999000000E+004
       532    -9.9999000000E+004
       533     1.9143900000E+005
       534     1.8719800000E+005
       535     1.9145100000E+005
       536     1.9147100000E+005
       537     1.9169200000E+005
       538     1.9440200000E+005
       539     1.9141300000E+005
       540     1.9139700000E+005
       541     1.9129700000E+005
       542     1.9128800000E+005
       543    -9.9999000000E+004
       544    -9.9999000000E+004
       545    -9.9999000000E+004
       546    -9.9999000000E+004
       547    -9.9999000000E+004
       548     1.9135200000E+005
       549     1.8900100000E+005
       550    -9.9999000000E+004
       551    -9.9999000000E+004
       552    -9.9999000000E+004
       553    -9.9999000000E+004
       554    -9.9999000000E+004
       555     1.9144000000E+005
       556     1.8719600000E+005
       557     1.9147600000E+005
       558     1.9171900000E+005
       559     1.0244800000E+005
       560     1.9168700000E+005
       561     1.8705000000E+005
       562     1.9125200000E+005
       563     1.8897200000E+005
       564     1.8896300000E+005
       565     1.8896500000E+005
       566    -9.9999000000E+004
       567    -9.9999000000E+004
       568    -9.9999000000E+004
       569    -9.9999000000E+004
       570    -9.9999000000E+004
       571    -9.9999000000E+004
       572    -9.9999000000E+004
       573    -9.9999000000E+004
       574    -9.9999000000E+004
       575    -9.9999000000E+004
       576    -9.9999000000E+004
       577     1.8719500000E+005
       578     1.9616100000E+005
       579     9.9305000000E+004
       580     9.8281000000E+004
       581     1.9398300000E+005
       582     1.0243600000E+005
       583    -9.9999000000E+004
       584     1.9103200000E+005
       585    -9.9999000000E+004
       586    -9.9999000000E+004
       587     1.8897300000E+005
       588     1.8896700000E+005
       589    -9.9999000000E+004
       590    -9.9999000000E+004
       591    -9.9999000000E+004
       592    -9.9999000000E+004
       593    -9.9999000000E+004
       594    -9.9999000000E+004
       595    -9.9999000000E+004
       596    -9.9999000000E+004
       597    -9.9999000000E+004
       598    -9.9999000000E+004
       599    -9.9999000000E+004
       600     1.8719400000E+005
       601     1.9148200000E+005
       602     1.8738500000E+005
       603     1.9147100000E+005
       604     1.8719200000E+005
       605     9.8268000000E+004
       606     9.8261000000E+004
       607     9.8257000000E+004
       608    -9.9999000000E+004
       609    -9.9999000000E+004
       610    -9.9999000000E+004
       611    -9.9999000000E+004
       612    -9.9999000000E+004
       613    -9.9999000000E+004
       614    -9.9999000000E+004
       615    -9.9999000000E+004
       616    -9.9999000000E+004
       617    -9.9999000000E+004
       618    -9.9999000000E+004
       619    -9.9999000000E+004
       620    -9.9999000000E+004
       621    -9.9999000000E+004
       622    -9.9999000000E+004
       623    -9.9999000000E+004
       624     1.8737200000E+005
       625     9.8565000000E+004
       626     1.8737400000E+005
       627     9.8556000000E+004
       628     1.8718900000E+005
       629     1.8914900000E+005
       630    -9.9999000000E+004
       631     1.8735400000E+005
       632     1.9662400000E+005
       633    -9.9999000000E+004
       634    -9.9999000000E+004
       635    -9.9999000000E+004
       636    -9.9999000000E+004
       637    -9.9999000000E+004
       638    -9.9999000000E+004
       639    -9.9999000000E+004
       640    -9.9999000000E+004
       641    -9.9999000000E+004
       642    -9.9999000000E+004
       643    -9.9999000000E+004
       644    -9.9999000000E+004
       645    -9.9999000000E+004
       646    -9.9999000000E+004
       647    -9.9999000000E+004
       648    -9.9999000000E+004
       649     1.9201600000E+005
       650     1.8735800000E+005
       651     1.8736200000E+005
       652     1.8719000000E+005
       653     1.8911800000E+005
       654     1.8911900000E+005
       655    -9.9999000000E+004
       656     1.8718800000E+005
       657    -9.9999000000E+004
       658    -9.9999000000E+004
       659    -9.9999000000E+004
       660    -9.9999000000E+004
       661     1.8735400000E+005
       662     1.8735600000E+005
       663    -9.9999000000E+004
       664     1.8738200000E+005
       665    -9.9999000000E+004
       666    -9.9999000000E+004
       667    -9.9999000000E+004
       668    -9.9999000000E+004
       669    -9.9999000000E+004
       670    -9.9999000000E+004
       671    -9.9999000000E+004
       672    -9.9999000000E+004
       673    -9.9999000000E+004
       674    -9.9999000000E+004
       675    -9.9999000000E+004
       676    -9.9999000000E+004
       677    -9.9999000000E+004
       678     1.8735700000E+005
       679     1.8735400000E+005
       680     1.8735200000E+005
       681     1.8912200000E+005
       682     1.8911900000E+005
       683     1.9198000000E+005
       684    -9.9999000000E+004
       685     1.8911500000E+005
       686     1.8911900000E+005
       687    -9.9999000000E+004
       688    -9.9999000000E+004
       689    -9.9999000000E+004
       690    -9.9999000000E+004
       691     1.8736700000E+005
       692     1.8734900000E+005
       693    -9.9999000000E+004
       694     1.8735400000E+005
       695    -9.9999000000E+004
       696    -9.9999000000E+004
       697    -9.9999000000E+004
       698    -9.9999000000E+004
       699    -9.9999000000E+004
       700    -9.9999000000E+004
       701    -9.9999000000E+004
       702    -9.9999000000E+004
       703    -9.9999000000E+004
       704    -9.9999000000E+004
       705    -9.9999000000E+004
       706    -9.9999000000E+004
       707     1.8735200000E+005
       708     1.8734900000E+005
       709     1.8734900000E+005
       710    -9.9999000000E+004
       711     1.8910900000E+005
       712     1.8911200000E+005
       713    -9.9999000000E+004
       714    -9.9999000000E+004
       715    -9.9999000000E+004
       716    -9.9999000000E+004
       717    -9.9999000000E+004
       718     1.8735400000E+005
       719     1.8735100000E+005
       720    -9.9999000000E+004
       721     1.8734800000E+005
       722    -9.9999000000E+004
       723    -9.9999000000E+004
       724    -9.9999000000E+004
       725    -9.9999000000E+004
       726    -9.9999000000E+004
       727    -9.9999000000E+004
       728    -9.9999000000E+004
       729    -9.9999000000E+004
       730    -9.9999000000E+004
       731    -9.9999000000E+004
       732    -9.9999000000E+004
       733    -9.9999000000E+004
       734    -9.9999000000E+004
       735    -9.9999000000E+004
       736    -9.9999000000E+004
       737    -9.9999000000E+004
       738    -9.9999000000E+004
       739    -9.9999000000E+004
       740    -9.9999000000E+004
       741    -9.9999000000E+004
       742    -9.9999000000E+004
       743    -9.9999000000E+004
       744    -9.9999000000E+004
       745    -9.9999000000E+004
       746    -9.9999000000E+004
       747    -9.9999000000E+004
       748    -9.9999000000E+004
       749    -9.9999000000E+004
       750    -9.9999000000E+004
       751    -9.9999000000E+004
       752    -9.9999000000E+004
       753    -9.9999000000E+004
       754    -9.9999000000E+004
       755    -9.9999000000E+004
       756    -9.9999000000E+004
       757    -9.9999000000E+004
       758    -9.9999000000E+004
       759    -9.9999000000E+004
       760    -9.9999000000E+004
       761    -9.9999000000E+004
       762    -9.9999000000E+004
       763    -9.9999000000E+004
       764    -9.9999000000E+004
       765    -9.9999000000E+004
       766    -9.9999000000E+004
       767    -9.9999000000E+004
       768    -9.9999000000E+004
       769    -9.9999000000E+004
       770    -9.9999000000E+004
       771    -9.9999000000E+004
       772    -9.9999000000E+004
       773    -9.9999000000E+004
       774    -9.9999000000E+004
       775    -9.9999000000E+004
       776    -9.9999000000E+004
       777    -9.9999000000E+004
       778    -9.9999000000E+004
       779    -9.9999000000E+004
       780    -9.9999000000E+004
       781    -9.9999000000E+004
       782    -9.9999000000E+004
       783    -9.9999000000E+004
       784    -9.9999000000E+004
       785    -9.9999000000E+004
       786    -9.9999000000E+004
       787    -9.9999000000E+004
       788    -9.9999000000E+004
       789    -9.9999000000E+004
       790    -9.9999000000E+004
       791    -9.9999000000E+004
       792    -9.9999000000E+004
       793    -9.9999000000E+004
       794    -9.9999000000E+004
       795    -9.9999000000E+004
       796    -9.9999000000E+004
